B   874.511605   -275.197133   -464.910845
C   1460.209267   -277.350549   -465.147432
D   2392.874265   -275.455897   -464.730411
E   3067.613541   -296.834840   -463.322851
F   3732.660669   -269.012932   -462.774551
G   4142.993554   -259.612527   -461.001326
Girder_1   322.866184   318.710885   -447.307322
Girder_2   322.909100   -319.231748   -394.532931
Girder_3   702.529221   319.226860   -447.204818
Girder_4   702.268336   -318.625954   -449.441524
Girder_5   1158.844980   319.075222   -259.849409
Girder_6   1160.883302   -318.988502   -259.568387
Girder_7   1606.671959   319.400728   -448.669339
Girder_8   1607.392056   -318.919415   -448.594962
Girder_9   1931.933751   319.146266   -446.653567
Girder_10   1931.493427   -319.054077   -445.902241
Girder_11   2266.201012   319.257006   -448.929630
Girder_12   2267.204066   -319.138274   -449.032979
Girder_13   2734.645993   319.151811   -259.773470
Girder_14   2732.446230   -318.813797   -259.301038
Girder_15   3200.061252   319.157718   -446.752589
Girder_16   3200.244324   -318.746506   -445.796385
Girder_17   3579.739150   319.239251   -448.099565
Girder_18   3580.391709   -318.636247   -446.753309
H   4152.669753   285.100173   -462.727548
I   3713.566837   285.193908   -464.584187
J   3071.558786   294.124513   -463.848682
K   2388.353961   292.281924   -465.014339
K1   7782.469283   2254.278047   -1134.556073
K2   7806.014892   -9.187352   571.523104
K3   7830.188155   -2241.587430   -1110.579829
K4   5660.911077   -4450.932830   642.245221
K5   3416.512296   -4448.921465   -1165.360880
K6   1165.889477   -4446.298085   594.995904
K7   1116.484435   -4445.993681   -1349.400200
K8   -1078.143925   -4458.182118   -1129.842803
K9   -3285.450492   -2257.906390   610.745136
K10   -3314.663690   -7.632553   -1109.012416
K11   -3334.707470   2243.947178   527.526421
K12   -3341.783749   2210.291331   -1339.269889
K13   -1158.604174   4383.829987   -1135.894081
K14   1090.463964   4387.247312   606.237696
K15   3340.184448   4386.199577   -1071.528679
K16   5587.853888   4381.128379   634.068247
L   1506.133823   294.858573   -464.956863
M   869.787440   276.792698   -463.772728
PQK36_1   3579.664519   319.307309   -259.612111
PQK36_2   3579.909477   319.141499   260.148253
PQK36_3   3580.386352   190.883629   381.608922
PQK36_4   3579.916913   -189.639903   381.598463
PQK36_5   3579.610796   -318.870704   260.149697
PQK36_6   3580.137199   -318.626841   -259.007706
PQK36_7   3199.854799   319.207625   -259.655321
PQK36_8   3199.905623   319.115361   260.103089
PQK36_9   3200.332136   190.216322   381.510984
PQK36_10   3200.292541   -190.333368   381.165704
PQK36_11   3199.539837   -319.166001   259.806314
PQK36_12   3200.064147   -318.832089   -259.548027
PQK62_1   702.878244   319.344183   -260.099605
PQK62_2   703.597302   319.396682   260.670324
PQK62_3   703.065922   189.926240   381.444109
PQK62_4   702.648086   -189.453034   381.782854
PQK62_5   703.462457   -318.890776   259.962199
PQK62_6   702.619812   -318.748379   -259.421969
PQK62_7   322.976485   318.882089   -259.572956
PQK62_8   323.420879   319.354957   260.688488
PQK62_9   322.326789   190.100716   381.357226
PQK62_10   322.636162   -190.085824   381.147043
PQK62_11   323.048240   -319.047563   260.294147
PQK62_12   322.915380   -319.182388   -260.030043
PQL6_1   2266.317045   319.034421   -260.145356
PQL6_2   2267.021523   318.836656   260.492212
PQL6_3   2266.963232   190.004482   381.223373
PQL6_4   2267.122579   -189.944555   381.405623
PQL6_5   2266.812751   -318.626667   260.285880
PQL6_6   2267.071956   -319.030364   -259.306057
PQL6_7   1606.832793   319.139048   -259.541569
PQL6_8   1607.364661   318.599776   260.375928
PQL6_9   1607.305808   189.967545   381.346896
PQL6_10   1607.315384   -190.141528   381.480412
PQL6_11   1607.312612   -318.430576   259.668258
PQL6_12   1607.383174   -318.862734   -259.419533
