Girder_17 3580.033 319.230 -450.000 
Girder_15 3200.305 319.177 -450.000 
Girder_11 2266.398 319.081 -450.000 
Girder_7 1606.962 319.299 -450.000 
Girder_3 702.931 319.295 -450.000 
Girder_1 323.147 318.650 -450.000 
Girder_2 323.225 -319.282 -450.000 
Girder_4 702.676 -318.731 -450.000 
Girder_8 1607.732 -319.047 -450.000 
Girder_12 2267.506 -319.204 -450.000 
Girder_16 3200.582 -318.769 -450.000 
Girder_18 3580.677 -318.683 -450.000 
Girder_13 2744.555 319.123 -259.682 
Girder_5 1169.555 319.067 -259.725 
Girder_6 1169.555 -318.987 -259.516 
Girder_14 2744.555 -318.886 -259.257 
Girder_10 1932.286 -318.933 -445.804 
Girder_9 1931.985 319.004 -446.523 
PQK36_1 3580.129 319.168 -259.561 
PQK36_2 3580.392 319.000 260.176 
PQK36_3 3580.851 190.734 381.651 
PQK36_4 3580.310 -189.781 381.618 
PQK36_5 3579.981 -319.023 260.177 
PQK36_6 3580.490 -318.774 -258.959 
PQK36_7 3200.330 319.143 -259.602 
PQK36_8 3200.397 319.051 260.128 
PQK36_9 3200.797 190.148 381.562 
PQK36_10 3200.680 -190.380 381.225 
PQK36_11 3199.917 -319.228 259.852 
PQK36_12 3200.404 -318.892 -259.514 
PQK62_1 703.196 319.314 -260.024 
PQK62_2 703.923 319.366 260.716 
PQK62_3 703.392 189.911 381.514 
PQK62_4 702.991 -189.470 381.848 
PQK62_5 703.820 -318.919 260.030 
PQK62_6 702.983 -318.782 -259.336 
PQK62_7 323.310 318.828 -259.505 
PQK62_8 323.754 319.315 260.722 
PQK62_9 322.645 190.050 381.429 
PQK62_10 322.986 -190.123 381.216 
PQK62_11 323.408 -319.094 260.357 
PQK62_12 323.274 -319.232 -259.953 
PQL6_1 2266.658 319.010 -260.071 
PQL6_2 2267.370 318.814 260.553 
PQL6_3 2267.308 189.988 381.281 
PQL6_4 2267.461 -189.958 381.464 
PQL6_5 2267.160 -318.638 260.340 
PQL6_6 2267.413 -319.052 -259.248 
PQL6_7 1607.165 319.106 -259.459 
PQL6_8 1607.718 318.579 260.443 
PQL6_9 1607.669 189.952 381.423 
PQL6_10 1607.666 -190.164 381.566 
PQL6_11 1607.678 -318.455 259.748 
PQL6_12 1607.717 -318.888 -259.318 