C 1460.5391 -277.1716 -465.1210
Girder_2 323.2535 -318.9920 -394.4861
Girder_4 702.6121 -318.4258 -449.4021
Girder_8 1607.7362 -318.7449 -448.5631
Girder_12 2267.5480 -318.9922 -449.0079
Girder_16 3200.5975 -318.6415 -445.8157
Girder_18 3580.7435 -318.5468 -446.7737
G 4143.3412 -259.5333 -461.0257
F 3733.0114 -268.9246 -462.7933
E 3067.9627 -296.7257 -463.3283
PQK36_12 3200.4078 -318.7581 -259.6524
PQK36_11 3199.8790 -319.1487 259.7035
PQK36_10 3200.6197 -190.3410 381.0793
PQK36_4 3580.2531 -189.6359 381.5181
PQK36_5 3579.9499 -318.8679 260.0536
PQK36_6 3580.4957 -318.5669 -259.1054
Girder_14 2732.7989 -318.6886 -259.2933
D 2393.2292 -275.3040 -464.7179
PQL6_6 2267.4440 -318.9126 -259.3967
PQL6_5 2267.2204 -318.5409 260.2113
PQL6_4 2267.5333 -189.8818 381.3369
PQL6_10 1607.7086 -190.0841 381.5086
PQL6_11 1607.7233 -318.3251 259.6419
PQL6_12 1607.7443 -318.7200 -259.4403
Girder_10 1931.8431 -318.9022 -445.8739
Girder_6 1161.2240 -318.8084 -259.5331
Girder_5 1159.2085 319.2571 -259.8276
B 874.8659 -275.0138 -464.8640
PQK62_6 702.9627 -318.5448 -259.3897
PQK62_5 703.8540 -318.6144 259.9946
PQK62_4 703.0587 -189.1417 381.7864
PQK62_3 703.5042 190.2372 381.3849
PQK62_10 323.0578 -189.7515 381.1885
PQK62_11 323.4375 -318.7465 260.3657
PQK62_12 323.2624 -318.9499 -259.9689
K20 103.3372 26.5045 -1340.9337
K21 1472.6113 30.7428 -1339.4763
K22 2622.4332 37.9588 -1337.3923
K23 4055.4808 1.2731 -1343.1241
K2 7806.5181 -10.2527 571.1871
K3 7832.1042 -2241.9283 -1110.8738
K4 5661.8246 -4450.9719 641.7406
K5 3418.3794 -4449.0105 -1165.6691
K17 3414.4997 -4446.9870 581.4628
K6 1167.9426 -4445.8556 594.4311
K7 1117.5573 -4445.7335 -1349.7787
K18 -1081.8947 -4448.8624 680.9250
K8 -1076.2665 -4457.9652 -1129.9785
K9 -3281.9975 -2256.9329 610.6432
K19 -3291.2037 -2257.7592 -1128.7288
K10 -3312.7010 -6.9282 -1108.9987
K11 -3330.6199 2243.9622 527.6328
K13 -1155.9299 4384.2902 -1135.8007
K16 5589.4916 4380.5751 633.8193
K14 1093.3874 4386.7027 606.1540
K12 -3339.4885 2210.8553 -1339.1419
K1 7785.2727 2252.4738 -1134.7911
PQK62_7 323.3505 319.1169 -259.5968
PQK62_8 323.8468 319.6695 260.6608
PQK62_9 322.7542 190.4352 381.3401
PQK62_2 704.0196 319.6790 260.5934
PQK62_1 703.2505 319.5528 -260.1787
M 870.1429 276.9788 -463.7460
L 1506.4750 295.0148 -464.9349
PQL6_7 1607.1907 319.2853 -259.5347
PQL6_8 1607.7599 318.7066 260.3899
PQL6_9 1607.7081 190.0685 381.3505
Girder_9 1932.2809 319.2821 -446.6477
PQL6_1 2266.6783 319.1568 -260.1881
PQL6_2 2267.4310 318.9181 260.4648
PQL6_3 2267.3719 190.0757 381.1738
K 2388.7095 292.3998 -465.0100
Girder_13 2735.0014 319.2712 -259.7839
J 3071.9063 294.2216 -463.8608
PQK36_7 3200.1885 319.2794 -259.6868
PQK36_8 3200.2252 319.1265 260.0707
PQK36_9 3200.6433 190.2163 381.4611
PQK36_3 3580.6963 190.8720 381.5779
PQK36_2 3580.2233 319.1501 260.1221
PQK36_1 3579.9985 319.3786 -259.6311
I 3713.9115 285.2702 -464.6067
H 4153.0182 285.1708 -462.7621
Girder_17 3580.0832 319.3217 -448.1107
Girder_15 3200.3987 319.2620 -446.7721
Girder_11 2266.5498 319.3866 -448.9139
Girder_7 1607.0194 319.5533 -448.6501
Girder_3 702.8814 319.4206 -447.1720
Girder_1 323.2267 318.9166 -447.2438 
