G   4143.038118   -259.492362   -461.067570
F   3732.711778   -268.916938   -462.840753
E   3067.665485   -296.770949   -463.382417
D   2392.925427   -275.410414   -464.786683
B   874.560474   -275.239025   -464.966388
C   1460.229103   -277.358615   -465.202288
Girder_2   322.947926   -319.257285   -394.587598
Girder_4   702.312354   -318.663460   -449.500738
Girder_5   1158.868185   319.044683   -259.925455
Girder_6   1160.934057   -319.011171   -259.624010
Girder_8   1607.436032   -318.901184   -448.640897
Girder_10   1931.540828   -319.039631   -445.952547
Girder_12   2267.253664   -319.091299   -449.068087
Girder_14   2732.492883   -318.755717   -259.360115
Girder_16   3200.300143   -318.672589   -445.878309
Girder_18   3580.445957   -318.544410   -446.822478
K2   7807.712793   -9.272977   571.445682
K3   7831.837108   -2241.732992   -1110.617289
K4   5662.533723   -4451.060146   642.200706
K5   3418.065149   -4449.026885   -1165.382971
K6   1167.431953   -4446.318385   594.948105
K7   1118.060512   -4446.046916   -1349.428019
K8   -1076.630688   -4458.185244   -1129.851998
K9   -3283.934508   -2257.847749   610.733403
K10   -3313.047725   -7.565951   -1109.063346
K11   -3333.147275   2244.093423   527.442726
K13   -1156.885734   4383.823759   -1136.008868
K12   -3340.133087   2210.355727   -1339.379529
K14   1092.065174   4387.363264   606.002519
K16   5589.488901   4381.146612   633.828489
K17   3414.145962   -4447.390359   581.857396
K18   -1083.130103   -4448.862740   681.176892
K19   -3291.461779   -2258.479587   -1128.764246
K20   102.901357   26.205280   -1341.062621
K21   1472.186346   30.557586   -1339.562963
K22   2621.985497   37.835524   -1337.442187
K23   4055.033116   1.253035   -1343.155879
PQK36_4   3579.918673   -189.626461   381.469590
PQK36_5   3579.629942   -318.854817   260.005275
PQK36_6   3580.185946   -318.557027   -259.159794
PQK36_10   3200.296295   -190.348692   381.019289
PQK36_11   3199.556783   -319.163106   259.638957
PQK36_12   3200.100611   -318.783706   -259.715918
PQK62_3   703.147971   189.994597   381.297837
PQK62_4   702.735271   -189.379434   381.692750
PQK62_5   703.541623   -318.842278   259.897634
PQK62_6   702.663460   -318.778533   -259.498680
PQK62_10   322.719757   -190.024411   381.082218
PQK62_11   323.126198   -319.011024   260.253969
PQK62_12   322.958203   -319.223775   -260.079251
PQL6_4   2267.229180   -189.964872   381.243317
PQL6_5   2266.919252   -318.642468   260.116081
PQL6_6   2267.135313   -319.020023   -259.494321
PQL6_10   1607.417016   -190.183785   381.376518
PQL6_11   1607.416407   -318.475700   259.561670
PQL6_12   1607.439742   -318.873076   -259.533213
H   4152.696760   285.221816   -462.811214
I   3713.593860   285.286815   -464.660710
J   3071.585178   294.180941   -463.924615
Girder_13   2734.676721   319.198586   -259.853562
K   2388.386570   292.300745   -465.080950
Girder_9   1931.958164   319.145137   -446.727884
K1   7784.152170   2254.167241   -1134.698021
L   1506.156038   294.836122   -465.024705
M   869.809681   276.744608   -463.848394
Girder_1   322.902307   318.640464   -447.368122
Girder_3   702.540978   319.173276   -447.278862
Girder_7   1606.691502   319.389595   -448.746541
Girder_11   2266.226192   319.270174   -448.988389
Girder_15   3200.072280   319.230631   -446.824857
Girder_17   3579.755079   319.321879   -448.174924
PQK36_1   3579.666351   319.387753   -259.697676
PQK36_2   3579.872747   319.169583   260.063668
PQK36_3   3580.356191   190.894987   381.521413
PQK36_7   3199.858005   319.254142   -259.771889
PQK36_8   3199.875578   319.113362   259.989238
PQK36_9   3200.301589   190.209958   381.396947
PQK62_1   702.905638   319.319047   -260.278432
PQK62_2   703.662523   319.456558   260.493148
PQK62_7   323.006161   318.851011   -259.723189
PQK62_8   323.487052   319.410356   260.538576
PQK62_9   322.408491   190.164460   381.229631
PQL6_1   2266.358826   319.048412   -260.288364
PQL6_2   2267.112659   318.814489   260.369385
PQL6_3   2267.063795   189.975536   381.071870
PQL6_7   1606.872994   319.127234   -259.628713
PQL6_8   1607.437334   318.567468   260.308868
PQL6_9   1607.402727   189.925644   381.263469
