Girder_2 323.2626 -318.9884 -394.4921
Girder_4 702.6210 -318.4159 -449.4064
Girder_8 1607.7391 -318.7427 -448.5689
C 1460.5614 -277.1696 -465.1287
Girder_12 2267.5513 -318.9828 -449.0082
Girder_16 3200.6047 -318.6376 -445.8165
Girder_18 3580.7346 -318.5324 -446.7701
PQK36_6 3580.4893 -318.5606 -259.1111
PQK36_5 3579.9437 -318.8631 260.0486
PQK36_4 3580.2508 -189.6426 381.5131
PQK36_10 3200.6204 -190.3405 381.0838
PQK36_11 3199.8802 -319.1529 259.6972
PQK36_12 3200.4074 -318.7583 -259.6489
G 4143.3371 -259.5364 -461.0351
F 3733.0043 -268.9241 -462.7821
E 3067.9593 -296.7233 -463.3268
Girder_14 2732.7909 -318.6825 -259.3016
D 2393.2148 -275.3006 -464.7247
PQL6_6 2267.4347 -318.9073 -259.3936
PQL6_5 2267.2173 -318.5392 260.2080
PQL6_4 2267.5324 -189.8565 381.3311
PQL6_10 1607.7199 -190.0378 381.4659
PQL6_11 1607.7113 -318.3313 259.6482
PQL6_12 1607.7403 -318.7198 -259.4454
Girder_10 1931.8349 -318.8987 -445.8771
Girder_5 1159.2082 319.2508 -259.8274
Girder_6 1161.2226 -318.8167 -259.5371
PQK62_4 703.0560 -189.1466 381.7913
PQK62_3 703.5068 190.2317 381.4012
PQK62_5 703.8526 -318.6161 259.9895
PQK62_6 702.9593 -318.5431 -259.3952
PQK62_12 323.2576 -318.9597 -259.9612
PQK62_11 323.4439 -318.7448 260.3567
PQK62_10 323.0600 -189.7516 381.1924
B 874.8620 -275.0144 -464.8670
K3 7831.9389 -2241.9958 -1110.8737
K4 5661.7182 -4451.0003 641.8060
K17 3414.2941 -4447.0345 581.5238
K5 3418.1930 -4449.0346 -1165.6210
K7 1117.4215 -4445.7567 -1349.7367
K6 1167.7118 -4445.9272 594.4843
K18 -1082.1897 -4448.7959 680.9600
K8 -1076.4552 -4457.9558 -1129.9380
K9 -3282.2915 -2256.9451 610.6274
K19 -3291.3584 -2257.7550 -1128.7471
K10 -3312.8135 -6.9227 -1109.0216
K11 -3330.9002 2244.0583 527.5971
K13 -1156.0610 4384.2751 -1135.8299
K16 5589.4496 4380.5179 633.8127
K2 7806.5081 -10.2412 571.2022
K23 4055.3390 1.2433 -1343.1155
K22 2622.2878 37.9324 -1337.3826
K21 1472.4699 30.7321 -1339.4794
K20 103.1968 26.5058 -1340.9348
H 4153.0163 285.1614 -462.7534
I 3713.9127 285.2673 -464.6047
J 3071.9100 294.2162 -463.8554
PQK36_1 3580.0023 319.3783 -259.6261
PQK36_2 3580.2266 319.1519 260.1219
PQK36_3 3580.7002 190.8753 381.5793
PQK36_9 3200.6488 190.2154 381.4686
PQK36_8 3200.2305 319.1131 260.0735
PQK36_7 3200.1929 319.2711 -259.6831
Girder_13 2735.0009 319.2636 -259.7817
K 2388.7068 292.3906 -465.0032
PQL6_1 2266.6794 319.1486 -260.1763
PQL6_2 2267.4233 318.9161 260.4720
PQL6_3 2267.3692 190.0766 381.1733
Girder_9 1932.2805 319.2715 -446.6411
PQL6_7 1607.1957 319.2804 -259.5303
PQL6_8 1607.7631 318.7117 260.3874
PQL6_9 1607.7135 190.0646 381.3532
L 1506.4803 295.0033 -464.9312
M 870.1383 276.9688 -463.7376
PQK62_1 703.2474 319.5511 -260.1664
PQK62_2 704.0199 319.6849 260.6027
PQK62_7 323.3532 319.1188 -259.6064
PQK62_8 323.8470 319.6709 260.6528
PQK62_9 322.7470 190.4281 381.3402
K1 7785.1163 2252.5022 -1134.8091
K14 1093.2497 4386.7589 606.1065
K12 -3339.6043 2210.8797 -1339.1715
Girder_1 323.2383 318.9037 -447.2525
Girder_3 702.8828 319.4179 -447.1750
Girder_7 1607.0261 319.5462 -448.6480
Girder_11 2266.5533 319.3823 -448.9184
Girder_15 3200.4070 319.2627 -446.7691
Girder_17 3580.0882 319.3178 -448.1126 
