PQK62_12 323.2530 -318.9557 -259.9700
PQK62_11 323.4325 -318.7501 260.3637
PQK62_10 323.0506 -189.7556 381.1954
PQK62_3 703.5083 190.2265 381.3959
PQK62_4 703.0592 -189.1491 381.7887
PQK62_5 703.8415 -318.6171 259.9938
PQK62_6 702.9535 -318.5452 -259.3908
B 874.8548 -275.0162 -464.8647
Girder_6 1161.2228 -318.8156 -259.5299
C 1460.5288 -277.1783 -465.1220
PQL6_12 1607.7316 -318.7219 -259.4444 
PQL6_11 1607.7037 -318.3262 259.6382
PQL6_10 1607.7156 -190.0367 381.4638
PQL6_4 2267.5311 -189.8579 381.3313
PQL6_5 2267.2073 -318.5373 260.1983
PQL6_6 2267.4336 -318.9081 -259.3959
Girder_10 1931.8321 -318.9006 -445.8756
D 2393.2173 -275.3061 -464.7154
Girder_5 1159.2111 319.2462 -259.8219
Girder_14 2732.7885 -318.6820 -259.2929
E 3067.9565 -296.7223 -463.3183
PQK36_12 3200.4021 -318.7606 -259.6428
PQK36_11 3199.8713 -319.1535 259.6979
PQK36_10 3200.6165 -190.3346 381.0802
PQK36_4 3580.2406 -189.6381 381.5165
PQK36_5 3579.9363 -318.8612 260.0548
PQK36_6 3580.4810 -318.5582 -259.1029
F 3733.0025 -268.9222 -462.7870
G 4143.3286 -259.5307 -461.0182
Girder_18 3580.7296 -318.5446 -446.7737
Girder_16 3200.5893 -318.6350 -445.8143
Girder_12 2267.5359 -318.9898 -449.0028
Girder_8 1607.7265 -318.7439 -448.5610
Girder_4 702.6102 -318.4322 -449.4016
Girder_2 323.2481 -319.0032 -394.4955
K10 -3312.8098 -6.9317 -1109.0298
K11 -3330.9020 2244.0493 527.6003
K13 -1156.0638 4384.2633 -1135.8441
K16 5589.4373 4380.5144 633.8102
K2 7806.5075 -10.2213 571.1965
K3 7831.9552 -2241.9756 -1110.8590
K4 5661.7245 -4450.9722 641.8069
K5 3418.2031 -4449.0198 -1165.6197
K17 3414.2891 -4447.0116 581.5358
K6 1167.6992 -4445.8512 594.4777
K7 1117.4172 -4445.7405 -1349.7485
K18 -1082.1740 -4448.7875 680.9538
K8 -1076.4399 -4457.9654 -1129.9394
K9 -3282.2864 -2256.9515 610.6440
K19 -3291.3742 -2257.7673 -1128.7276
K20 103.1869 26.5007 -1340.9250
K21 1472.4702 30.7284 -1339.4763
K22 2622.2830 37.9349 -1337.3755
K23 4055.3585 1.2237 -1343.0939
K1 7785.1209 2252.5204 -1134.7878
K14 1093.2428 4386.7367 606.1087
K12 -3339.6100 2210.8581 -1339.1756
PQK62_1 703.2616 319.5463 -260.1680
PQK62_2 704.0313 319.6758 260.6049
PQK62_9 322.7520 190.4306 381.3487
PQK62_8 323.8534 319.6659 260.6550
PQK62_7 323.3580 319.1215 -259.6065
M 870.1454 276.9703 -463.7347
L 1506.4863 295.0068 -464.9210
Girder_9 1932.2926 319.2798 -446.6329
PQL6_1 2266.6870 319.1542 -260.1726
PQL6_2 2267.4347 318.9171 260.4690
PQL6_3 2267.3807 190.0767 381.1735
PQL6_9 1607.7235 190.0678 381.3535
PQL6_8 1607.7762 318.7067 260.3894
PQL6_7 1607.2062 319.2810 -259.5320
K 2388.7098 292.3963 -465.0043
Girder_13 2735.0040 319.2677 -259.7847
J 3071.9100 294.2188 -463.8586
PQK36_1 3580.0025 319.3742 -259.6221
PQK36_2 3580.2270 319.1499 260.1278
PQK36_3 3580.7035 190.8753 381.5733
PQK36_9 3200.6507 190.2161 381.4611
PQK36_8 3200.2308 319.1205 260.0699
PQK36_7 3200.1953 319.2777 -259.6885
I 3713.9209 285.2754 -464.6137
H 4153.0278 285.1769 -462.7683
Girder_17 3580.0946 319.3283 -448.1039
Girder_15 3200.4070 319.2721 -446.7629
Girder_11 2266.5534 319.3941 -448.9093
Girder_7 1607.0324 319.5509 -448.6459
Girder_3 702.8906 319.4135 -447.1671
Girder_1 323.2427 318.9047 -447.2477
