PQK62_12 323.2512 -318.9534 -259.9632
PQK62_11 323.4377 -318.7490 260.3612
PQK62_10 323.0508 -189.7575 381.1970
PQK62_3 703.5059 190.2224 381.3982
PQK62_4 703.0544 -189.1401 381.7893
PQK62_5 703.8483 -318.6101 259.9887
PQK62_6 702.9603 -318.5488 -259.3990
B 874.8586 -275.0203 -464.8615
Girder_6 1161.2240 -318.8265 -259.5308
Girder_5 1159.2153 319.2390 -259.8280
C 1460.5245 -277.1699 -465.1174
PQL6_12 1607.7391 -318.7219 -259.4382
PQL6_11 1607.7069 -318.3307 259.6458
PQL6_10 1607.7239 -190.0389 381.4619
PQL6_4 2267.5326 -189.8622 381.3318
PQL6_5 2267.2128 -318.5360 260.2074
PQL6_6 2267.4411 -318.9102 -259.3969
Girder_10 1931.8355 -318.9031 -445.8757
D 2393.2190 -275.3052 -464.7230
Girder_14 2732.7872 -318.6907 -259.3013
E 3067.9531 -296.7294 -463.3288
PQK36_12 3200.3997 -318.7643 -259.6571
PQK36_11 3199.8656 -319.1476 259.6968
PQK36_10 3200.6128 -190.3351 381.0849
PQK36_4 3580.2301 -189.6237 381.5164
PQK36_5 3579.9359 -318.8592 260.0424
PQK36_6 3580.4765 -318.5526 -259.1056
F 3732.9968 -268.9136 -462.7837
G 4143.3230 -259.5214 -461.0189
Girder_18 3580.7289 -318.5281 -446.7721
Girder_16 3200.5851 -318.6339 -445.8162
Girder_12 2267.5347 -318.9840 -448.9983
Girder_8 1607.7274 -318.7466 -448.5627
Girder_4 702.6107 -318.4322 -449.3943
Girder_2 323.2475 -319.0006 -394.4815
K2 7808.9633 -10.5554 571.1733
K3 7834.6180 -2242.0511 -1110.9099
K4 5664.1617 -4451.0373 641.7302
K5 3420.9489 -4449.0430 -1165.7023
K17 3417.0391 -4446.8735 581.4571
K6 1170.6058 -4445.7244 594.4116
K7 1120.0414 -4445.7387 -1349.8272
K8 -1073.7030 -4457.8927 -1130.0171
K18 -1079.1356 -4448.7786 680.9186
K19 -3288.5957 -2257.6938 -1128.7311
K9 -3279.2150 -2256.8864 610.6479
K10 -3309.9773 -6.8255 -1108.9687
K11 -3327.6876 2243.8682 527.7102
K13 -1153.1376 4384.3277 -1135.7271
K16 5592.0327 4380.3086 633.8783
K20 105.9706 26.5273 -1340.9313
K21 1475.2353 30.7349 -1339.4661
K22 2625.0533 37.9193 -1337.3786
K23 4058.0852 1.1983 -1343.1285
K1 7787.9721 2252.0667 -1134.7943
K14 1096.2235 4386.3376 606.2459
K12 -3336.7918 2210.9450 -1339.0757
PQK62_7 323.3637 319.1253 -259.6207
PQK62_8 323.8532 319.6701 260.6479
PQK62_9 322.7532 190.4319 381.3478
PQK62_2 704.0277 319.6805 260.6067
PQK62_1 703.2577 319.5493 -260.1619
M 870.1589 276.9590 -463.7380
L 1506.4932 295.0017 -464.9287
PQL6_7 1607.2082 319.2733 -259.5243
PQL6_8 1607.7750 318.7035 260.3988
PQL6_9 1607.7295 190.0633 381.3534
PQL6_3 2267.3810 190.0729 381.1743
PQL6_2 2267.4351 318.9115 260.4670
PQL6_1 2266.6943 319.1506 -260.1719
Girder_9 1932.2974 319.2777 -446.6419
K 2388.7156 292.3916 -465.0042
Girder_13 2735.0078 319.2795 -259.7894
J 3071.9127 294.2215 -463.8584
PQK36_7 3200.1876 319.2719 -259.6899 
PQK36_8 3200.2267 319.1218 260.0786
PQK36_9 3200.6447 190.2152 381.4667
PQK36_3 3580.6989 190.8726 381.5805
PQK36_2 3580.2231 319.1485 260.1194
PQK36_1 3579.9988 319.3734 -259.6264
I 3713.9162 285.2709 -464.6039
H 4153.0227 285.1745 -462.7532
Girder_17 3580.0867 319.3199 -448.1077
Girder_15 3200.4111 319.2417 -446.7481
Girder_11 2266.5600 319.3799 -448.9127
Girder_7 1607.0310 319.5454 -448.6544
Girder_3 702.8897 319.4115 -447.1745
Girder_1 323.2499 318.9008 -447.2540
