PQK62_12   322.945083   -319.243449   -260.074831
PQK62_11   323.117462   -319.013378   260.252623
PQK62_10   322.717078   -190.025718   381.080884
PQK62_4   702.728110   -189.372343   381.688887
PQK62_5   703.528646   -318.844913   259.894478
PQK62_6   702.657733   -318.787783   -259.489881
PQK62_3   703.146699   189.995087   381.289714
PQL6_12   1607.434312   -318.870541   -259.525886
PQL6_11   1607.398632   -318.467156   259.562913
PQL6_10   1607.404587   -190.174389   381.383189
PQL6_4   2267.220245   -189.952226   381.257201
PQL6_5   2266.902155   -318.639479   260.113665
PQK36_12   3200.099952   -318.780340   -259.709097
PQK36_11   3199.567040   -319.168360   259.642294
PQK36_10   3200.305846   -190.346608   381.012958
PQK36_4   3579.925327   -189.632959   381.457458
PQK36_5   3579.632312   -318.855469   260.001227
PQK36_6   3580.179881   -318.559070   -259.169707
G   4143.044779   -259.495103   -461.070843
F   3732.716819   -268.917871   -462.839288
E   3067.668379   -296.770888   -463.385775
Girder_14   2732.497340   -318.760835   -259.364665
D   2392.929392   -275.413890   -464.787884
Girder_10   1931.544704   -319.041275   -445.953613
Girder_6   1160.935015   -319.009767   -259.621200
B   874.561507   -275.243778   -464.965388
Girder_2   322.948552   -319.262308   -394.588511
Girder_4   702.312777   -318.670068   -449.501074
C   1460.257448   -277.316176   -465.201878
Girder_8   1607.440785   -318.909148   -448.644882
Girder_12   2267.248738   -319.084427   -449.061896
Girder_16   3200.306683   -318.670891   -445.875414
Girder_18   3580.446372   -318.541443   -446.825990
K2   7805.989313   -9.119265   571.415904
K3   7830.229686   -2241.593544   -1110.595673
K4   5660.950334   -4450.936056   642.280756
K17   3412.580644   -4447.354812   581.926633
K6   1165.862271   -4446.320528   594.994487
K9   -3285.493656   -2257.887106   610.741229
K19   -3293.083979   -2258.564275   -1128.763443
K10   -3314.732753   -7.675699   -1109.087705
K11   -3334.774663   2243.978819   527.355320
K13   -1158.655588   4383.760303   -1136.130803
K16   5587.802290   4381.190934   633.819551
K20   101.242313   26.172265   -1341.098213
K21   1470.511393   30.536483   -1339.590761
K22   2620.312947   37.853600   -1337.470504
K23   4053.364248   1.315333   -1343.172884
K14   1090.296668   4387.369136   605.987177
K1   7782.443133   2254.309260   -1134.720514
K12   -3341.844157   2210.246814   -1339.397071
PQK62_7   323.008336   318.849333   -259.723222
PQK62_8   323.486880   319.407467   260.541650
PQK62_9   322.400361   190.169103   381.236403
PQK62_2   703.667906   319.445873   260.497237
PQK62_1   702.911744   319.313725   -260.275867
PQL6_7   1606.866319   319.131707   -259.627661
PQL6_8   1607.427449   318.571114   260.300648
PQL6_9   1607.385583   189.930153   381.261768
PQL6_3   2267.054545   189.985750   381.088543
PQL6_2   2267.097514   318.820703   260.376076
PQL6_1   2266.357447   319.051199   -260.270130
PQK36_7   3199.861245   319.261151   -259.759600
PQK36_8   3199.896964   319.108191   259.999416
PQK36_9   3200.314176   190.196998   381.400253
PQK36_3   3580.371010   190.878559   381.510497
PQK36_2   3579.887879   319.156088   260.064280
PQK36_1   3579.673684   319.383170   -259.694762
H   4152.699316   285.228097   -462.814749
I   3713.591066   285.285304   -464.663597
J   3071.585825   294.183390   -463.927530
Girder_13   2734.675297   319.200601   -259.855054
K   2388.385137   292.299657   -465.085949
Girder_9   1931.955831   319.139146   -446.730634
L   1506.153587   294.836515   -465.031746
Girder_5   1158.868840   319.043318   -259.934632
M   869.815377   276.741735   -463.855678
Girder_1   322.902921   318.636385   -447.366382
Girder_3   702.546044   319.176882   -447.286459
Girder_7   1606.689965   319.387664   -448.750928
Girder_11   2266.225137   319.272093   -448.995075
Girder_15   3200.078760   319.234333   -446.839800
Girder_17   3579.753118   319.329812   -448.173562
PQL6_6   2267.133478   -319.013031   -259.469606
K5   3416.774084   -4448.891416   -1165.328989
K7   1116.731628   -4446.055605   -1349.387783
K8   -1077.918846   -4458.363281   -1129.787702
K18   -1084.389896   -4449.046998   681.203655
