Girder_2 323.2528 -319.0023 -394.4870
Girder_4 702.6110 -318.4369 -449.3982
C 1460.5257 -277.1717 -465.1229
Girder_8 1607.7358 -318.7531 -448.5642
Girder_12 2267.5485 -319.0002 -449.0118
Girder_16 3200.5988 -318.6413 -445.8114
Girder_18 3580.7289 -318.5297 -446.7603
G 4143.3366 -259.5414 -461.0314
F 3733.0065 -268.9316 -462.7996
PQK36_6 3580.4871 -318.5633 -259.1122
PQK36_5 3579.9410 -318.8562 260.0494
PQK36_4 3580.2525 -189.6390 381.5032
PQK36_10 3200.6147 -190.3460 381.0735
PQK36_11 3199.8765 -319.1482 259.6959
PQK36_12 3200.4075 -318.7679 -259.6559
E 3067.9601 -296.7345 -463.3277
Girder_14 2732.7986 -318.6970 -259.2988
D 2393.2257 -275.3120 -464.7230
PQL6_6 2267.4436 -318.9161 -259.3940
PQL6_5 2267.2224 -318.5398 260.2054
PQL6_4 2267.5381 -189.8675 381.3256
PQL6_10 1607.7293 -190.0362 381.4628
PQL6_11 1607.7182 -318.3276 259.6439
PQL6_12 1607.7431 -318.7263 -259.4446
Girder_10 1931.8378 -318.9102 -445.8761
Girder_6 1161.2235 -318.8159 -259.5310
B 874.8624 -275.0230 -464.8604
PQK62_6 702.9683 -318.5529 -259.3894
PQK62_5 703.8573 -318.6145 259.9981
PQK62_4 703.0596 -189.1414 381.7881
PQK62_3 703.5115 190.2321 381.3892
Girder_5 1159.2099 319.2517 -259.8265
PQK62_12 323.2600 -318.9591 -259.9668
PQK62_11 323.4428 -318.7446 260.3628
PQK62_10 323.0638 -189.7507 381.1877
K18 -1081.7861 -4448.9060 680.9252
K8 -1076.2375 -4457.9972 -1129.9656
K19 -3291.1998 -2257.8022 -1128.7358
K9 -3281.8758 -2256.9757 610.6344
K10 -3312.6639 -6.9505 -1109.0233
K11 -3330.4883 2243.8660 527.6455
K6 1168.0146 -4445.8335 594.4347
K7 1117.5317 -4445.7443 -1349.7820
K17 3414.5095 -4446.9404 581.4798
K5 3418.3986 -4449.0084 -1165.6677
K4 5661.7514 -4450.9692 641.7534
K3 7832.0853 -2241.8955 -1110.8618
K2 7806.3639 -10.2918 571.2186
K16 5589.3908 4380.5543 633.8375
K13 -1155.9388 4384.2733 -1135.7989
K20 103.3232 26.4976 -1340.9301
K21 1472.5941 30.7455 -1339.4714
K22 2622.4093 37.9552 -1337.3765
K23 4055.4660 1.2652 -1343.1267
K1 7785.2435 2252.3503 -1134.7626
K14 1093.3977 4386.5762 606.1711
K12 -3339.5068 2210.8361 -1339.1514
PQK62_7 323.3534 319.1159 -259.5974
PQK62_8 323.8471 319.6741 260.6534
PQK62_9 322.7544 190.4336 381.3456
PQK62_2 704.0183 319.6855 260.5972
PQK62_1 703.2478 319.5545 -260.1722
M 870.1421 276.9739 -463.7454
L 1506.4740 295.0084 -464.9281
PQL6_7 1607.1908 319.2818 -259.5273
PQL6_8 1607.7612 318.7140 260.3906
PQL6_9 1607.7078 190.0724 381.3542
Girder_9 1932.2811 319.2739 -446.6376
PQL6_1 2266.6782 319.1501 -260.1706
PQL6_2 2267.4239 318.9186 260.4755
PQL6_3 2267.3626 190.0756 381.1746
K 2388.7023 292.3926 -464.9999
Girder_13 2735.0002 319.2610 -259.7748
J 3071.9025 294.2112 -463.8524
PQK36_7 3200.1870 319.2748 -259.6772
PQK36_8 3200.2226 319.1243 260.0780
PQK36_9 3200.6397 190.2105 381.4683
PQK36_3 3580.6943 190.8723 381.5830
PQK36_2 3580.2219 319.1521 260.1299
PQK36_1 3579.9957 319.3716 -259.6205
I 3713.9036 285.2576 -464.6042 
H 4153.0121 285.1590 -462.7593
Girder_17 3580.0809 319.3163 -448.1108
Girder_15 3200.3921 319.2632 -446.7636
Girder_11 2266.5432 319.3809 -448.9052
Girder_7 1607.0222 319.5476 -448.6428
Girder_3 702.8809 319.4210 -447.1706
Girder_1 323.2338 318.9056 -447.2439
