C   1460.239695   -277.353726   -465.207403
G   4143.041754   -259.485741   -461.073004
F   3732.715261   -268.911360   -462.843446
E   3067.665989   -296.767131   -463.391582
D   2392.930123   -275.412436   -464.789987
B   874.560533   -275.239906   -464.969246
Girder_2   322.946089   -319.261779   -394.594099
Girder_4   702.310544   -318.667752   -449.504363
Girder_5   1158.866301   319.044851   -259.935478
Girder_6   1160.933882   -319.016039   -259.628344
Girder_8   1607.431333   -318.904130   -448.644712
Girder_10   1931.541079   -319.037274   -445.953668
Girder_12   2267.250471   -319.095583   -449.076237
Girder_14   2732.497546   -318.757272   -259.365819
Girder_16   3200.308606   -318.670372   -445.879416
Girder_18   3580.442474   -318.530295   -446.816170
K2   7806.043931   -8.810388   571.413624
K3   7830.387175   -2241.283876   -1110.614933
K4   5661.202500   -4450.745389   642.278929
K5   3416.774084   -4448.891416   -1165.328989
K6   1166.131345   -4446.342310   594.989545
K7   1116.731628   -4446.055605   -1349.387783
K8   -1077.918846   -4458.363281   -1129.787702
K9   -3285.333351   -2258.112041   610.747952
K10   -3314.676503   -7.885819   -1109.077479
K11   -3334.825462   2243.756285   527.402247
K13   -1158.790714   4383.656892   -1136.080386
K16   5587.641254   4381.380044   633.843045
K17   3412.851222   -4447.274042   581.915849
K18   -1084.389896   -4449.046998   681.203655
K19   -3292.915454   -2258.763914   -1128.767587
K20   101.300740   26.135237   -1341.077741
K21   1470.568330   30.570239   -1339.578324
K22   2620.377104   37.921658   -1337.466218
K23   4053.431178   1.437955   -1343.163528
PQK36_4   3579.938730   -189.638683   381.454169
PQK36_5   3579.640376   -318.853607   260.003378
PQK36_6   3580.180440   -318.554568   -259.173267
PQK36_10   3200.322238   -190.354167   381.017037
PQK36_11   3199.570609   -319.167759   259.650023
PQK36_12   3200.096564   -318.777822   -259.713015
PQK62_3   703.149385   189.992543   381.298387
PQK62_4   702.722536   -189.382199   381.692717
PQK62_5   703.536663   -318.842352   259.899762
PQK62_6   702.663880   -318.782726   -259.488684
PQK62_10   322.709893   -190.025768   381.086396
PQK62_11   323.119066   -319.012578   260.256213
PQK62_12   322.961591   -319.227556   -260.082570
PQL6_4   2267.211680   -189.949728   381.257434
PQL6_5   2266.904197   -318.627692   260.133024
PQL6_6   2267.133478   -319.013031   -259.469606
PQL6_10   1607.399556   -190.170908   381.380910
PQL6_11   1607.398901   -318.466099   259.564621
PQL6_12   1607.435653   -318.870662   -259.528942
M   869.806273   276.748765   -463.847598
L   1506.146323   294.837232   -465.031430
Girder_9   1931.950309   319.143633   -446.732881
K   2388.379618   292.296707   -465.081703
Girder_1   322.907320   318.641375   -447.376497
Girder_3   702.549837   319.172970   -447.289837
Girder_7   1606.689227   319.386213   -448.749941
Girder_11   2266.224164   319.278008   -449.005006
Girder_13   2734.668545   319.193143   -259.854555
J   3071.579782   294.176488   -463.931206
I   3713.596104   285.278722   -464.663039
H   4152.697268   285.217465   -462.814313
Girder_15   3200.076243   319.232743   -446.848284
Girder_17   3579.757940   319.327803   -448.185778
K1   7782.411496   2254.559716   -1134.726184
K12   -3341.873924   2210.037391   -1339.410711
K14   1090.178993   4387.356469   605.953814
PQK36_1   3579.677117   319.377258   -259.689196
PQK36_2   3579.905076   319.157248   260.067972
PQK36_3   3580.358599   190.890209   381.513555
PQK36_7   3199.867363   319.259459   -259.752578
PQK36_8   3199.904570   319.106413   260.010883
PQK36_9   3200.334443   190.192582   381.408633
PQK62_1   702.913557   319.315142   -260.266719
PQK62_2   703.669093   319.450174   260.505752
PQK62_7   323.011318   318.848347   -259.722050
PQK62_8   323.492356   319.397191   260.535830
PQK62_9   322.402310   190.168336   381.226085
PQL6_1   2266.351074   319.049985   -260.270506
PQL6_2   2267.086421   318.822110   260.372890
PQL6_3   2267.046322   189.987915   381.092903
PQL6_7   1606.867382   319.130398   -259.631776
PQL6_8   1607.423169   318.568637   260.295700
PQL6_9   1607.383795   189.930468   381.261494
