G 4143.3272 -259.5263 -461.0246
F 3733.0019 -268.9211 -462.7870
PQK36_6 3580.4817 -318.5546 -259.1030
PQK36_5 3579.9382 -318.8603 260.0517
PQK36_4 3580.2467 -189.6212 381.5267
PQK36_10 3200.6163 -190.3391 381.0793
PQK36_11 3199.8715 -319.1497 259.6991
PQK36_12 3200.4019 -318.7590 -259.6506
E 3067.9566 -296.7225 -463.3243
Girder_14 2732.7874 -318.6824 -259.2959
D 2393.2187 -275.2997 -464.7216
PQL6_6 2267.4371 -318.9073 -259.3971
PQL6_5 2267.2143 -318.5380 260.2062
PQL6_4 2267.5324 -189.8611 381.3310
PQL6_10 1607.7247 -190.0320 381.4591
PQL6_11 1607.7114 -318.3346 259.6326
PQL6_12 1607.7353 -318.7194 -259.4473
Girder_10 1931.8346 -318.9016 -445.8787
Girder_6 1161.2254 -318.8209 -259.5400
Girder_5 1159.2162 319.2463 -259.8341
B 874.8558 -275.0175 -464.8691
PQK62_6 702.9506 -318.5399 -259.3889
PQK62_5 703.8420 -318.6154 260.0013
PQK62_4 703.0480 -189.1507 381.7911
PQK62_3 703.5008 190.2273 381.3954
PQK62_10 323.0423 -189.7506 381.1890
PQK62_11 323.4289 -318.7438 260.3611
PQK62_12 323.2517 -318.9482 -259.9668
C 1460.5379 -277.1804 -465.1297
Girder_2 323.2434 -319.0010 -394.4999
Girder_4 702.6072 -318.4338 -449.4116
Girder_8 1607.7253 -318.7470 -448.5725
Girder_12 2267.5389 -318.9880 -449.0143
Girder_16 3200.5846 -318.6349 -445.8234
Girder_18 3580.7297 -318.5347 -446.7700
K2 7807.5413 -10.2738 571.2254
K3 7833.2754 -2241.7764 -1110.8460
K4 5662.8854 -4450.8143 641.7854
K17 3415.8270 -4446.7901 581.4900
K5 3419.7303 -4448.9573 -1165.6859
K6 1169.3913 -4445.7717 594.4617
K7 1118.8230 -4445.7625 -1349.7769
K18 -1080.3161 -4448.9449 680.9583
K8 -1074.8996 -4458.0274 -1129.9795
K9 -3280.5319 -2257.0863 610.6869
K19 -3289.8864 -2257.8922 -1128.7366
K10 -3311.3903 -7.0336 -1108.9869
K11 -3329.2217 2243.6475 527.7147
K16 5590.3872 4380.5833 633.9229
K13 -1154.7351 4384.2467 -1135.7406
K20 104.5557 26.4829 -1340.9302
K21 1473.8274 30.7499 -1339.4740
K22 2623.6346 37.9777 -1337.3763
K23 4056.6626 1.3243 -1343.1312
K1 7786.4551 2252.3262 -1134.7387
K14 1094.6237 4386.2942 606.2644
K12 -3338.2927 2210.7504 -1339.0920
PQK62_7 323.3495 319.1192 -259.6050
PQK62_8 323.8457 319.6650 260.6557
PQK62_9 322.7546 190.4371 381.3514
PQK62_2 704.0272 319.6704 260.6002
PQK62_1 703.2589 319.5432 -260.1691
M 870.1523 276.9637 -463.7512
L 1506.4937 295.0031 -464.9360
PQL6_7 1607.2083 319.2745 -259.5280
PQL6_8 1607.7724 318.7020 260.3922
PQL6_9 1607.7271 190.0594 381.3524
Girder_9 1932.2954 319.2709 -446.6404
PQL6_1 2266.6921 319.1528 -260.1768
PQL6_2 2267.4335 318.9131 260.4666
PQL6_3 2267.3818 190.0754 381.1786
K 2388.7200 292.3940 -465.0088
Girder_13 2735.0153 319.2834 -259.7878
J 3071.9176 294.2204 -463.8597
PQK36_7 3200.1973 319.2741 -259.6920
PQK36_8 3200.2312 319.1211 260.0672
PQK36_9 3200.6501 190.2125 381.4686
PQK36_3 3580.7032 190.8706 381.5799
PQK36_2 3580.2300 319.1489 260.1266
PQK36_1 3580.0051 319.3751 -259.6305
I 3713.9186 285.2680 -464.6082
H 4153.0276 285.1696 -462.7603
Girder_17 3580.0929 319.3146 -448.1108
Girder_15 3200.4073 319.2571 -446.7700
Girder_11 2266.5570 319.3824 -448.9190
Girder_7 1607.0283 319.5444 -448.6565
Girder_3 702.8954 319.4145 -447.1712
Girder_1 323.2429 318.8967 -447.2468
