PQK62_12 323.2486 -318.9570 -259.9684
PQK62_11 323.4330 -318.7480 260.3588
PQK62_10 323.0451 -189.7650 381.1972
PQK62_3 703.5053 190.2254 381.4002
PQK62_4 703.0559 -189.1462 381.7873
PQK62_5 703.8469 -318.6103 259.9967
PQK62_6 702.9591 -318.5395 -259.4006
B 874.8581 -275.0159 -464.8753
Girder_6 1161.2228 -318.8147 -259.5387
Girder_5 1159.2121 319.2561 -259.8255
C 1460.5300 -277.1785 -465.1270
PQL6_12 1607.7324 -318.7220 -259.4420
PQL6_11 1607.7023 -318.3277 259.6394
PQL6_10 1607.7217 -190.0326 381.4630
PQL6_4 2267.5312 -189.8599 381.3332
PQL6_5 2267.2060 -318.5332 260.2071
PQL6_6 2267.4352 -318.9083 -259.3991
Girder_10 1931.8326 -318.8996 -445.8760
D 2393.2133 -275.3012 -464.7241
Girder_14 2732.7850 -318.6837 -259.2996
E 3067.9526 -296.7207 -463.3290
PQK36_12 3200.4006 -318.7614 -259.6555
PQK36_11 3199.8685 -319.1514 259.7028
PQK36_10 3200.6110 -190.3392 381.0860
PQK36_4 3580.2386 -189.6360 381.5150
PQK36_5 3579.9315 -318.8610 260.0525
PQK36_6 3580.4790 -318.5598 -259.1024
F 3732.9983 -268.9231 -462.7910
G 4143.3278 -259.5329 -461.0263
Girder_18 3580.7280 -318.5432 -446.7779
Girder_16 3200.5868 -318.6381 -445.8184
Girder_12 2267.5370 -318.9828 -449.0038
Girder_8 1607.7285 -318.7411 -448.5645
Girder_4 702.6075 -318.4285 -449.3991
Girder_2 323.2426 -319.0014 -394.4941
K19 -3291.2895 -2257.7793 -1128.7142
K9 -3282.0865 -2256.9726 610.6390
K10 -3312.7502 -6.9515 -1109.0071
K11 -3330.7167 2243.9529 527.6401
K13 -1156.0126 4384.2719 -1135.8128
K16 5589.3977 4380.5773 633.8224
K2 7806.4534 -10.2271 571.1951
K3 7832.0189 -2241.9293 -1110.8796
K4 5661.7544 -4450.9560 641.7690
K17 3414.4115 -4446.9728 581.4838
K5 3418.3003 -4449.0101 -1165.6488
K7 1117.4825 -4445.7308 -1349.7702
K6 1167.8576 -4445.8156 594.4421
K18 -1081.9743 -4448.8735 680.9383
K8 -1076.3281 -4457.9937 -1129.9509
K20 103.2531 26.4981 -1340.9242
K21 1472.5309 30.7375 -1339.4730
K22 2622.3477 37.9504 -1337.3820
K23 4055.3939 1.2651 -1343.1219
K1 7785.1880 2252.4853 -1134.7884
K14 1093.3218 4386.7028 606.1365
K12 -3339.5619 2210.8386 -1339.1317
PQK62_7 323.3664 319.1127 -259.5980
PQK62_8 323.8591 319.6678 260.6545
PQK62_9 322.7589 190.4312 381.3435
PQK62_2 704.0362 319.6729 260.6040
PQK62_1 703.2640 319.5469 -260.1639
M 870.1498 276.9741 -463.7415
L 1506.4870 295.0121 -464.9298
PQL6_7 1607.2070 319.2797 -259.5306
PQL6_8 1607.7776 318.7053 260.3903
PQL6_9 1607.7199 190.0704 381.3499
PQL6_3 2267.3744 190.0746 381.1682
PQL6_2 2267.4385 318.9178 260.4658
PQL6_1 2266.6886 319.1546 -260.1769
Girder_9 1932.2876 319.2849 -446.6401
K 2388.7120 292.4004 -465.0018
Girder_13 2735.0041 319.2663 -259.7773
J 3071.9100 294.2150 -463.8507
PQK36_7 3200.1881 319.2738 -259.6807
PQK36_8 3200.2295 319.1227 260.0803
PQK36_9 3200.6479 190.2179 381.4640
PQK36_3 3580.7028 190.8761 381.5751
PQK36_2 3580.2302 319.1495 260.1230
PQK36_1 3580.0027 319.3759 -259.6317
I 3713.9203 285.2699 -464.6098
H 4153.0241 285.1734 -462.7682
Girder_1 323.2468 318.9036 -447.2481
Girder_3 702.8908 319.4210 -447.1673
Girder_7 1607.0294 319.5520 -448.6455
Girder_11 2266.5609 319.3859 -448.9129
Girder_15 3200.4108 319.2626 -446.7657
Girder_17 3580.0907 319.3242 -448.1135
