B 874.8463 -275.0129 -464.8583
D 2393.2065 -275.3088 -464.7185
C 1460.5288 -277.1742 -465.1189
E 3067.9424 -296.7167 -463.3208
F 3732.9940 -268.9158 -462.7893
G 4143.3216 -259.5244 -461.0232
Girder_6 1161.2176 -318.8120 -259.5292
Girder_10 1931.8213 -318.8961 -445.8690
Girder_14 2732.7763 -318.6779 -259.2944
Girder_2 323.2402 -318.9967 -394.4884
Girder_4 702.5988 -318.4267 -449.3986
Girder_8 1607.7230 -318.7344 -448.5528
Girder_12 2267.5312 -318.9855 -449.0017
Girder_16 3200.5778 -318.6296 -445.8164
Girder_18 3580.7182 -318.5350 -446.7730
Girder_5 1159.2058 319.2458 -259.8198
PQK62_12 323.2464 -318.9562 -259.9676
PQK62_11 323.4272 -318.7495 260.3598
PQK62_10 323.0398 -189.7597 381.1982
PQK62_4 703.0477 -189.1484 381.7964
PQK62_5 703.8333 -318.6112 259.9906
PQK62_6 702.9477 -318.5406 -259.3882
PQK62_3 703.4971 190.2210 381.4029
PQL6_12 1607.7256 -318.7165 -259.4419
PQL6_11 1607.6967 -318.3265 259.6445
PQL6_10 1607.7211 -190.0301 381.4662
PQL6_4 2267.5276 -189.8618 381.3333
PQL6_5 2267.2097 -318.5380 260.2062
PQL6_6 2267.4357 -318.9091 -259.3986
PQK36_12 3200.3958 -318.7590 -259.6540
PQK36_11 3199.8596 -319.1446 259.7043
PQK36_10 3200.6164 -190.3340 381.0797
PQK36_4 3580.2405 -189.6355 381.5126
PQK36_5 3579.9315 -318.8586 260.0463
PQK36_6 3580.4739 -318.5537 -259.1151
K2 7806.5125 -10.2205 571.1726
K3 7831.9407 -2241.9731 -1110.8885
K4 5661.7184 -4450.9592 641.7470
K5 3418.1824 -4449.0020 -1165.6546
K17 3414.2899 -4446.9745 581.4793
K7 1117.4067 -4445.7268 -1349.7686
K6 1167.7018 -4445.8300 594.4488
K18 -1082.1862 -4448.7595 680.9386
K8 -1076.4613 -4457.9417 -1129.9397
K19 -3291.3819 -2257.7518 -1128.7258
K9 -3282.2904 -2256.9409 610.6327
K11 -3330.9177 2244.0514 527.6059
K13 -1156.0675 4384.2737 -1135.8051
K16 5589.4376 4380.4982 633.8125
K20 103.1788 26.5119 -1340.9142
K21 1472.4620 30.7447 -1339.4600
K22 2622.2751 37.9488 -1337.3783
K23 4055.3436 1.2308 -1343.1093
K10 -3312.8158 -6.9169 -1108.9998
K12 -3339.6178 2210.8744 -1339.1523
K14 1093.2304 4386.7281 606.1447
K1 7785.1032 2252.5473 -1134.8012
M 870.1443 276.9712 -463.7293
L 1506.4850 295.0146 -464.9228
K 2388.7088 292.4034 -464.9988
J 3071.9053 294.2240 -463.8600
I 3713.9111 285.2736 -464.6083
H 4153.0144 285.1706 -462.7684
Girder_13 2735.0017 319.2731 -259.7798
Girder_1 323.2363 318.9099 -447.2288
Girder_3 702.8711 319.4360 -447.1326
Girder_7 1607.0241 319.5545 -448.6366
Girder_11 2266.5531 319.4089 -448.8918
Girder_15 3200.4018 319.2652 -446.7703
Girder_17 3580.0876 319.3287 -448.1077
Girder_9 1932.2834 319.2868 -446.6365
PQK62_7 323.3529 319.1241 -259.5950
PQK62_8 323.8505 319.6642 260.6638
PQK62_9 322.7768 190.4517 381.3825
PQK62_2 704.0247 319.6779 260.6139
PQK62_1 703.2523 319.5552 -260.1559
PQL6_7 1607.1970 319.2866 -259.5120
PQL6_8 1607.7649 318.7097 260.4052
PQL6_9 1607.7195 190.0647 381.3693
PQL6_3 2267.3806 190.0716 381.1860 
PQL6_2 2267.4364 318.9140 260.4755
PQL6_1 2266.6900 319.1577 -260.1674
PQK36_7 3200.1941 319.2778 -259.6836
PQK36_8 3200.2364 319.1249 260.0736
PQK36_9 3200.6480 190.2070 381.4720
PQK36_3 3580.7062 190.8660 381.5769
PQK36_2 3580.2300 319.1452 260.1315
PQK36_1 3579.9973 319.3733 -259.6261
