Girder_18 3579.3388 -318.5093 -446.7347 
Girder_16 3199.1917 -318.6091 -445.7729 
Girder_12 2266.1404 -318.9766 -448.9545 
Girder_8 1606.3334 -318.7434 -448.5165 
C 1459.1680 -277.1578 -465.0758 
Girder_4 701.2200 -318.4395 -449.3568 
Girder_2 321.8531 -319.0157 -394.4438 
PQK62_12 321.8589 -318.9758 -259.9280 
PQK62_11 322.0410 -318.7791 260.3989 
PQK62_10 321.6541 -189.7915 381.2380 
PQK62_4 701.6598 -189.1722 381.8372 
PQK62_5 702.4527 -318.6409 260.0397 
PQK62_6 701.5604 -318.5626 -259.3445 
PQK62_3 702.1057 190.1964 381.4480 
B 873.4710 -275.0236 -464.8227 
Girder_5 1157.8117 319.2407 -259.7767 
Girder_6 1159.8328 -318.8285 -259.4922 
PQL6_12 1606.3477 -318.7225 -259.3985 
PQL6_11 1606.3157 -318.3365 259.6892 
PQL6_10 1606.3310 -190.0459 381.5110 
PQL6_4 2266.1346 -189.8571 381.3937 
PQL6_5 2265.8278 -318.5367 260.2554 
PQL6_6 2266.0503 -318.9037 -259.3492 
Girder_10 1930.4497 -318.8941 -445.8295 
D 2391.8294 -275.2896 -464.6750 
Girder_14 2731.4018 -318.6748 -259.2509 
E 3066.5685 -296.7010 -463.2768 
PQK36_12 3199.0139 -318.7354 -259.5982 
PQK36_11 3198.4819 -319.1372 259.7477 
PQK36_10 3199.2283 -190.3249 381.1307 
PQK36_4 3578.8546 -189.6258 381.5613 
PQK36_5 3578.5447 -318.8422 260.1029 
PQK36_6 3579.0937 -318.5295 -259.0621 
F 3731.6162 -268.8907 -462.7429 
G 4141.9441 -259.4968 -460.9769 
K2 7804.2550 -10.3536 571.2233 
K3 7830.0488 -2241.8467 -1110.8395 
K4 5659.6532 -4450.9209 641.7932 
K17 3412.5530 -4446.7995 581.4999 
K5 3416.4507 -4448.9807 -1165.6716 
K7 1115.5437 -4445.7406 -1349.7679 
K6 1166.1347 -4445.7582 594.4612 
K18 -1083.5988 -4448.9243 680.9733 
K8 -1078.1766 -4457.9952 -1129.9655 
K19 -3293.1458 -2257.8283 -1128.7006 
K9 -3283.7313 -2257.0303 610.6934 
K10 -3314.6070 -6.9674 -1108.9343 
K11 -3332.3447 2243.6953 527.7531 
K13 -1157.9216 4384.2647 -1135.6655 
K16 5587.2431 4380.5057 633.9507 
K20 101.3390 26.4897 -1340.8863 
K21 1470.6035 30.7420 -1339.4262 
K22 2620.4137 37.9742 -1337.3375 
K23 4053.4521 1.3080 -1343.0707 
K1 7783.2700 2252.2719 -1134.7265 
K14 1091.4490 4386.4036 606.3114 
K12 -3341.4919 2210.8029 -1339.0324 
H 4151.6280 285.2074 -462.7258 
I 3712.5215 285.3003 -464.5655 
PQK36_1 3578.6066 319.3995 -259.5819 
PQK36_2 3578.8317 319.1658 260.1682 
PQK36_3 3579.3114 190.8869 381.6143 
PQK36_9 3199.2594 190.2278 381.5094 
PQK36_8 3198.8390 319.1397 260.1231 
PQK36_7 3198.7990 319.2968 -259.6346 
J 3070.5154 294.2357 -463.8091 
Girder_13 2733.6118 319.2875 -259.7375 
K 2387.3152 292.4063 -464.9577 
PQL6_1 2265.2914 319.1571 -260.1241 
PQL6_2 2266.0404 318.9132 260.5198 
PQL6_3 2265.9809 190.0650 381.2246 
Girder_9 1930.8924 319.2754 -446.5914 
PQL6_7 1605.8013 319.2763 -259.4759 
PQL6_8 1606.3744 318.6968 260.4360 
PQL6_9 1606.3271 190.0503 381.4031 
L 1505.0849 295.0036 -464.8799 
M 868.7527 276.9573 -463.6939 
PQK62_1 701.8551 319.5339 -260.1161 
PQK62_2 702.6288 319.6566 260.6547 
PQK62_9 321.3647 190.3916 381.4039 
PQK62_8 322.4539 319.6373 260.7125 
PQK62_7 321.9577 319.0923 -259.5403 
Girder_1 321.8391 318.8848 -447.1914 
Girder_3 701.4900 319.3992 -447.1199 
Girder_7 1605.6262 319.5460 -448.5986 
Girder_11 2265.1551 319.3949 -448.8671 
Girder_15 3199.0035 319.2829 -446.7252 
Girder_17 3578.6949 319.3656 -448.0541 
