K11 -3332.3267 2243.7073 527.6826
K12 -3341.4990 2210.7940 -1339.1165
K13 -1157.9071 4384.2774 -1135.7736
K14 1091.4548 4386.4541 606.2117
K16 5587.2399 4380.5354 633.8590
K1 7783.2782 2252.2670 -1134.7871
K2 7804.2486 -10.3354 571.1957
K8 -1078.1783 -4457.9942 -1129.9507
K18 -1083.5836 -4448.9454 680.9545
K10 -3314.6180 -6.9502 -1108.9985
K20 101.3347 26.4990 -1340.9301
K21 1470.5973 30.7548 -1339.4623
K22 2620.4160 37.9761 -1337.3782
PQK62_7 323.3579 319.1141 -259.5916
PQK62_8 323.8578 319.6637 260.6674
PQK62_9 322.7641 190.4286 381.3408
PQK62_3 703.5113 190.2240 381.3899
PQK62_2 704.0322 319.6779 260.6063
PQK62_1 703.2581 319.5453 -260.1667
PQK62_4 703.0593 -189.1405 381.7936
M 870.1569 276.9628 -463.7428
Girder_5 1159.2142 319.2387 -259.8280
Girder_6 1161.2249 -318.8189 -259.5334
L 1506.4889 295.0037 -464.9328
PQL6_7 1607.2038 319.2771 -259.5311
PQL6_8 1607.7772 318.7025 260.3944
PQL6_9 1607.7222 190.0635 381.3449
PQL6_3 2267.3719 190.0900 381.1794
PQL6_2 2267.4363 318.9116 260.4613
PQL6_1 2266.6922 319.1505 -260.1789
Girder_9 1932.2927 319.2801 -446.6466
K 2388.7118 292.3917 -465.0073
Girder_13 2735.0083 319.2748 -259.7901
J 3071.9120 294.2181 -463.8549
PQK36_7 3200.1888 319.2746 -259.6871
PQK36_8 3200.2251 319.1217 260.0722
PQK36_9 3200.6436 190.2091 381.4627
PQK36_10 3200.6045 -190.3330 381.0906
PQK36_3 3580.7031 190.8707 381.5782
PQK36_2 3580.2302 319.1491 260.1242
PQK36_1 3580.0021 319.3742 -259.6263
I 3713.9174 285.2679 -464.6026
H 4153.0193 285.1634 -462.7562
Girder_17 3580.0870 319.3183 -448.1118
Girder_15 3200.4057 319.2585 -446.7686
Girder_11 2266.5416 319.4131 -448.8966
Girder_7 1607.0172 319.5400 -448.6426
Girder_3 702.8888 319.4092 -447.1697
Girder_1 323.2459 318.8954 -447.2527
PQK62_12 323.2594 -318.9484 -259.9733
PQK62_11 323.4367 -318.7400 260.3474
PQK62_10 323.0489 -189.7567 381.1866
PQK62_5 703.8453 -318.6139 260.0006
PQK62_6 702.9563 -318.5446 -259.3886
B 874.8577 -275.0176 -464.8604
C 1460.5248 -277.1689 -465.1185
PQL6_12 1607.7431 -318.7225 -259.4458
PQL6_11 1607.7096 -318.3278 259.6479
PQL6_10 1607.7230 -190.0377 381.4597
PQL6_4 2267.5321 -189.8645 381.3293
PQL6_5 2267.2137 -318.5385 260.2033
PQL6_6 2267.4361 -318.9164 -259.4005
Girder_10 1931.8302 -318.9074 -445.8758
D 2393.2119 -275.3085 -464.7200
Girder_14 2732.7801 -318.6947 -259.2969
E 3067.9558 -296.7539 -463.2986
PQK36_12 3200.3934 -318.7551 -259.6449
PQK36_11 3199.8602 -319.1428 259.7089
PQK36_4 3580.2406 -189.6374 381.5052
PQK36_5 3579.9292 -318.8577 260.0483
PQK36_6 3580.4741 -318.5540 -259.1003
F 3732.9938 -268.9198 -462.7916
G 4143.3224 -259.5262 -461.0188
Girder_18 3580.7203 -318.5327 -446.7601
Girder_16 3200.5925 -318.6413 -445.8089
Girder_12 2267.5388 -318.9905 -448.9942
Girder_8 1607.7245 -318.7496 -448.5591
Girder_4 702.6105 -318.4340 -449.3984
Girder_2 323.2452 -318.9999 -394.4905
K3 7830.0717 -2241.8242 -1110.8481
K4 5659.6579 -4450.9411 641.7833
K5 3416.4634 -4448.9813 -1165.6455
K17 3412.5537 -4446.8331 581.5104
K7 1115.5349 -4445.7257 -1349.7607
K6 1166.1301 -4445.7633 594.4573
K19 -3293.1651 -2257.8015 -1128.7182
K9 -3283.7193 -2256.9999 610.6615
K23 4053.4620 1.3005 -1343.1104
