Girder_17   3580.0332   319.2296   -450.0000
Girder_15   3200.3054   319.1768   -450.0000
Girder_11   2266.3983   319.0814   -450.0001
Girder_7   1606.9622   319.2989   -450.0001
Girder_3   702.9308   319.2946   -450.0000
Girder_1   323.1475   318.6504   -450.0000
Girder_2   323.2252   -319.2821   -450.0000
Girder_4   702.6763   -318.7309   -450.0001
Girder_8   1607.7318   -319.0473   -450.0000
Girder_12   2267.5061   -319.2039   -450.0000
Girder_16   3200.5821   -318.7688   -450.0000
Girder_18   3580.6768   -318.6828   -450.0000
Girder_13   2744.5550   319.1234   -259.6821
Girder_5   1169.5550   319.0670   -259.7249
Girder_6   1169.5549   -318.9865   -259.5156
Girder_14   2744.5548   -318.8855   -259.2571
Girder_10   1932.2860   -318.9328   -445.8040
Girder_9   1931.9852   319.0037   -446.5225
PQK36_1   3580.1294   319.1680   -259.5614
PQK36_2   3580.3919   318.9997   260.1757
PQK36_3   3580.8512   190.7336   381.6511
PQK36_4   3580.3099   -189.7807   381.6179
PQK36_5   3579.9814   -319.0230   260.1766
PQK36_6   3580.4897   -318.7743   -258.9590
PQK36_7   3200.3299   319.1432   -259.6021
PQK36_8   3200.3969   319.0515   260.1284
PQK36_9   3200.7969   190.1483   381.5622
PQK36_10   3200.6803   -190.3799   381.2250
PQK36_11   3199.9170   -319.2283   259.8524
PQK36_12   3200.4036   -318.8921   -259.5136
PQK62_1   703.1960   319.3136   -260.0235
PQK62_2   703.9230   319.3658   260.7164
PQK62_3   703.3925   189.9108   381.5140
PQK62_4   702.9911   -189.4704   381.8484
PQK62_5   703.8201   -318.9195   260.0304
PQK62_6   702.9835   -318.7815   -259.3361
PQK62_7   323.3100   318.8284   -259.5053
PQK62_8   323.7539   319.3146   260.7217
PQK62_9   322.6448   190.0499   381.4287
PQK62_10   322.9863   -190.1227   381.2161
PQK62_11   323.4082   -319.0943   260.3574
PQK62_12   323.2741   -319.2318   -259.9535
PQL6_1   2266.6580   319.0100   -260.0714
PQL6_2   2267.3698   318.8141   260.5527
PQL6_3   2267.3081   189.9880   381.2811
PQL6_4   2267.4610   -189.9583   381.4642
PQL6_5   2267.1597   -318.6378   260.3398
PQL6_6   2267.4131   -319.0519   -259.2477
PQL6_7   1607.1649   319.1058   -259.4590
PQL6_8   1607.7177   318.5788   260.4426
PQL6_9   1607.6688   189.9519   381.4232
PQL6_10   1607.6655   -190.1636   381.5662
PQL6_11   1607.6781   -318.4554   259.7479
PQL6_12   1607.7174   -318.8883   -259.3180
