Results from Epoch10 [RHCS]
created:2022-03-29 15:19:28.942854
Using source files:
 -LoS_measurements_29Mar22.txt
 -Polar_measurements_29Mar22.txt
 -Point_List_29Mar22.txt

PQK36_8	3.20023087913	0.319124590295	0.260081553993
H	4.15302488797	0.285175003517	-0.462753920883
Girder_3	0.702892639179	0.319412565203	-0.447178894309
Girder_18	3.58072385605	-0.318529562086	-0.446789291788
K19	-3.28859704061	-2.25769468259	-1.12873534696
PQK36_6	3.58047805089	-0.31855275863	-0.259100212828
PQK62_1	0.703259360187	0.319547018335	-0.26016058844
PQK62_3	0.703508609391	0.190222207455	0.381400377736
PQK62_2	0.704032142271	0.319679697288	0.260608074633
Instrument_0	1.91690380964	-1.48268131786	0.065225823527
Girder_15	3.20040595161	0.319249416248	-0.446784928688
PQK36_9	3.20064680241	0.190217824618	0.381470499148
PQL6_10	1.60771889636	-0.190037625986	0.38146179086
K11	-3.32769173385	2.24385790426	0.527711715306
PQK62_4	0.703058168849	-0.189140348107	0.381791338584
K4	5.66416029693	-4.45103638864	0.641728351336
PQK62_6	0.702955739287	-0.318551185945	-0.259396217941
PQL6_2	2.26743387481	0.318909676701	0.260471043772
PQK62_12	0.323249436533	-0.318953197856	-0.259958144331
Instrument_1	1.98988737639	1.49597687563	0.0759045773208
K3	7.83461654101	-2.24204945549	-1.1109109011
PQK36_11	3.19986478563	-0.319145166097	0.259700211385
Girder_13	2.73501257536	0.319279532235	-0.25978772561
PQL6_11	1.6077031743	-0.318329681698	0.259644795753
K2	7.80896264508	-0.0105509903537	0.571171251406
Girder_9	1.93229759114	0.3192736223	-0.446630560427
PQK62_9	0.322758659335	0.190433882295	0.381352361101
PQK36_10	3.20061303117	-0.190332571333	0.381089179301
PQK62_8	0.323857392749	0.319671620492	0.260651377052
PQL6_1	2.26669446289	0.319150387014	-0.260167915228
K5	3.42094816351	-4.44904250014	-1.16570455827
PQL6_12	1.60773742326	-0.318719680379	-0.259437905698
Girder_6	1.16122703605	-0.318827284723	-0.259537256232
I	3.71391838981	0.285271541367	-0.464604759905
Girder_1	0.323257226143	0.318904722068	-0.447280597142
Girder_11	2.26656080756	0.319386341751	-0.448930080095
PQK36_7	3.20019478982	0.319274860269	-0.259685539573
Girder_12	2.26752996458	-0.318992994363	-0.449027600562
Girder_8	1.60772686596	-0.318752153106	-0.448581434976
PQL6_8	1.60777411169	0.318705146006	0.260400283105
PQK36_4	3.58022945662	-0.189623894146	0.38152228415
K18	-1.07913512245	-4.44877879164	0.680914791178
PQK36_1	3.58000438542	0.319373041441	-0.259620889917
Girder_10	1.93183255426	-0.318898639007	-0.445866095168
K12	-3.33678969535	2.21094456656	-1.33907786315
PQL6_9	1.60772688193	0.190064295275	0.381354678591
K22	2.62505581531	0.0379071639473	-1.33736730184
PQK36_12	3.2004008332	-0.318762199154	-0.259652466375
K8	-1.07370313092	-4.4578966451	-1.13000846103
K1	7.78797409605	2.25206706605	-1.13479695918
PQK62_11	0.323437972201	-0.318747365998	0.260366905262
Girder_5	1.15921070725	0.319239110878	-0.259825783001
K13	-1.15313660709	4.38432866302	-1.13572715715
K9	-3.27921678143	-2.25688772154	0.61064383501
K17	3.41703785763	-4.44687297582	0.581454841407
K7	1.12004042965	-4.44573875267	-1.34982983811
K21	1.47523241015	0.0307423119642	-1.33945000864
PQK36_5	3.57993417471	-0.318859673378	0.260048809911
K16	5.59203276938	4.38030972479	0.633875024398
PQK62_5	0.703848160393	-0.318611117341	0.259991538821
K10	-3.30997688778	-0.00682681074103	-1.10896552402
Girder_14	2.73278604765	-0.318690180814	-0.259302613086
M	0.87016102527	0.276959348177	-0.463738621049
PQK62_10	0.323052540146	-0.189755640063	0.381202111072
PQL6_5	2.26720835451	-0.3185379315	0.260208847073
E	3.06795105982	-0.296728992009	-0.463330951933
K6	1.17060453224	-4.44572451903	0.594408681262
PQL6_3	2.26737979259	0.190070313453	0.381177664418
Girder_17	3.58008576355	0.319322899721	-0.448124327408
J	3.07191487264	0.294222076079	-0.463859203514
Girder_4	0.702612618418	-0.318436031612	-0.449416344598
Girder_2	0.323247622065	-0.319002417239	-0.394496713649
D	2.39321705492	-0.275305008551	-0.464725311247
PQL6_6	2.26743817186	-0.318911206626	-0.259393850471
Girder_16	3.20057961123	-0.318636541033	-0.445835287622
PQL6_4	2.26752738005	-0.189864709383	0.381335037966
PQK62_7	0.323364020404	0.319125739766	-0.259616350943
K	2.38871778639	0.292392075301	-0.465004913561
F	3.73299471328	-0.268912999243	-0.462785761813
PQK36_3	3.58070097756	0.190872447645	0.381586278612
K14	1.09622552863	4.38633890796	0.606241601243
PQL6_7	1.60720882342	0.319276352307	-0.259522283059
L	1.50649536394	0.295002079575	-0.464929443642
K20	0.105958580984	0.0265335764991	-1.34092023942
C	1.46052240762	-0.277169861821	-0.465120071485
B	0.874856567004	-0.275020465829	-0.464864346698
K23	4.05810760618	0.00117859998119	-1.34311344552
G	4.14332095486	-0.259520728948	-0.461020799378
Girder_7	1.60703304857	0.319545416142	-0.448654012153
PQK36_2	3.58022658804	0.319148346186	0.260124986305
PQK36_Aus	3.14030838183	9.29848607215e-05	0.000136046578877
PQK36_Ein	3.64031345788	0.000240025806608	0.000617631423817
PQK36_Oben	3.39007015696	0.000143890772281	0.250379252077
PQK36_Mitte	3.39031099389	0.000166465282667	0.000376773087195
PQL6_Aus	1.68688564571	0.00035151194283	0.000782144153521
PQL6_Ein	2.18688996447	0.000371982837392	0.000635428771223
PQL6_Oben	1.93696114914	0.000342522760896	0.25071110468
PQL6_Mitte	1.93688780972	0.00036183094774	0.00070885057133
PQK62_Aus	0.263484848425	0.000236017652897	0.000164880577714
PQK62_Ein	0.763484218543	0.000475105225134	0.000286411102144
PQK62_Oben	0.5134237702	0.000409141530382	0.250225257275
PQK62_Mitte	0.513484537111	0.000355627933764	0.000225629770081
Ori_Instrument_0	-0.00131430143636	-0.00250968940305	-0.595039000255
Ori_Instrument_1	-0.00248401595335	-0.000955983251393	0.172157606533