Results from Epoch3 [RHCS]
created:2022-03-22 16:23:09.238237
Using source files:
 -LoS_measurements_22Feb22.txt
 -Polar_measurements_22Feb22.txt
 -Point_List_22Feb22.txt

PQK36_11	3.19986707583	-0.319150553973	0.259700043869
K3	7.83195411832	-2.24197471716	-1.11085916595
G	4.14332718793	-0.259530132558	-0.461018076697
Girder_12	2.26753292917	-0.318994857185	-0.449020354565
PQK62_3	0.703506464544	0.190226279389	0.381396987625
PQL6_5	2.26720725774	-0.31853787956	0.26020448168
C	1.46052740057	-0.27717829602	-0.465121736705
PQL6_10	1.60771632253	-0.190035684893	0.381470686478
PQL6_12	1.60773109093	-0.318721815012	-0.259437134989
PQL6_6	2.26743331045	-0.318909724532	-0.259388659321
Girder_7	1.6070347336	0.319553448219	-0.448655023627
K8	-1.07643981982	-4.45796450635	-1.12994199304
Girder_13	2.73500839593	0.319266699837	-0.259783865417
PQK36_3	3.58070628477	0.190873940415	0.381573687875
K18	-1.0821737541	-4.44878676573	0.680955951393
Girder_10	1.93182908991	-0.318898320433	-0.445867905118
K17	3.41428854127	-4.44701112372	0.581536409027
K16	5.58943871357	4.38051120219	0.633814425805
Girder_5	1.15921134811	0.319246058182	-0.259822186601
Instrument_1	1.98678628827	1.49606721636	0.0758744335603
Girder_16	3.20058581746	-0.318636719237	-0.445825577227
K2	7.8065070595	-0.0102208541471	0.571194393382
K	2.38871137137	0.292396647051	-0.465005409605
Girder_6	1.16122425795	-0.318817019084	-0.259530440931
Girder_4	0.70261040776	-0.318433799843	-0.449409438865
Girder_15	3.20040610821	0.319274907161	-0.446776718416
PQK62_4	0.703059365896	-0.18914977552	0.381788987888
PQK36_10	3.20061674138	-0.190332159852	0.381082683431
PQK36_12	3.20039733827	-0.318758122894	-0.259641153373
M	0.870146924279	0.276970383492	-0.463735650459
K19	-3.29137531204	-2.25776802851	-1.12872666366
PQK62_5	0.703843062517	-0.318617211843	0.259994083777
Girder_8	1.60772629061	-0.318748026668	-0.448574876161
K9	-3.28228735872	-2.25695212287	0.610644771749
Instrument_0	1.90993870637	-1.48651549065	0.0652124487364
K6	1.16769875212	-4.4458511572	0.594478371911
K11	-3.33090224372	2.24404473264	0.527600259296
PQK62_9	0.322753855165	0.19043012938	0.381349767915
Girder_11	2.26655409147	0.319397997747	-0.448922224431
PQK62_1	0.703260637514	0.319546168818	-0.260167815386
PQK36_9	3.20065300881	0.190218705312	0.38146274579
PQK36_7	3.20019681851	0.319280133135	-0.259686458153
PQK62_8	0.323853568383	0.319665323505	0.260654839185
K10	-3.31280972563	-0.00693329413292	-1.10902773054
PQL6_2	2.26743606607	0.318916367335	0.260474777164
K7	1.11741636644	-4.44574062832	-1.34974765856
K12	-3.33960889416	2.21085759737	-1.33917589181
I	3.71392231349	0.285275961147	-0.464614915672
PQL6_3	2.26738243797	0.19007584098	0.381179209273
Girder_3	0.702895191816	0.319416269395	-0.447184284395
E	3.06795508834	-0.29672198671	-0.463318178061
PQK62_7	0.323358310845	0.319121629921	-0.259605247664
L	1.50648770879	0.295006943276	-0.464922019268
D	2.39321591669	-0.275305931564	-0.46471513653
PQL6_8	1.60777697857	0.31870771402	0.260394682874
PQK62_11	0.323432899069	-0.318750919432	0.260363599465
Girder_18	3.58072578808	-0.318545951867	-0.446786939481
K22	2.6222840847	0.0379279205943	-1.33736885007
H	4.15302924707	0.28517763496	-0.462769624417
K5	3.41820226465	-4.44901951788	-1.16561945584
F	3.73300101128	-0.268921736264	-0.462787005132
K1	7.78512207414	2.25252197038	-1.13478879508
PQL6_9	1.60772448977	0.190069241733	0.381359525598
PQK36_2	3.58023046838	0.319148549759	0.260128113048
PQK36_1	3.58000415878	0.319372621771	-0.25962170105
K14	1.09324353099	4.38673664867	0.606108179302
Girder_1	0.323247757743	0.31890712686	-0.447267459754
B	0.874853406747	-0.275016372283	-0.464864387313
K13	-1.15606369241	4.3842625541	-1.13584316119
Girder_9	1.93229393139	0.319281056995	-0.446637329774
PQL6_11	1.60770245527	-0.318324834862	0.259643912771
PQK62_6	0.702953422206	-0.318545136584	-0.259391170127
PQK36_5	3.57993331282	-0.318862639482	0.260055146135
Girder_17	3.58009332312	0.319331055338	-0.448119974394
Girder_14	2.73278345439	-0.318683414893	-0.259295207825
PQK62_10	0.323050687535	-0.189756487429	0.381195561179
PQK36_6	3.58047622022	-0.318559906049	-0.259102031823
PQL6_1	2.26668892023	0.319152583126	-0.260166549427
K20	0.103188507734	0.0265000694398	-1.34092947334
PQK62_12	0.323253066557	-0.318956278784	-0.259969371026
PQL6_7	1.60720687631	0.319281420914	-0.259525695244
J	3.07191162658	0.294219316958	-0.463859727416
Girder_2	0.323249065651	-0.319004861615	-0.394508261244
PQL6_4	2.26752947786	-0.18985894025	0.381338529089
K4	5.6617235987	-4.45097166806	0.641807535326
K21	1.47246815661	0.0307367134201	-1.33946481411
PQK36_4	3.58023836025	-0.18963969411	0.381517313883
K23	4.05535700254	0.00122412093034	-1.34309380246
PQK62_2	0.704031624659	0.319675215994	0.26060538746
PQK36_8	3.2002350584	0.319123322407	0.260071376518
PQK36_Aus	3.14031041998	9.26980390218e-05	0.00013564948516
PQK36_Ein	3.64031465194	0.000236433882403	0.000614142072765
PQK36_Oben	3.39007331328	0.00014249888638	0.250376892645
PQK36_Mitte	3.3903125249	0.000164557971418	0.000374834186151
PQL6_Aus	1.68688349451	0.000354448468876	0.000783560040736
PQL6_Ein	2.1868889071	0.000374444708917	0.000635621816438
PQL6_Oben	1.93696017016	0.000346172764697	0.250712401138
PQL6_Mitte	1.93688620628	0.000364532035053	0.000709564686206
PQK62_Aus	0.263483233731	0.000233213753797	0.000162977541222
PQK62_Ein	0.763482339785	0.000473384767444	0.000285619428757
PQK62_Oben	0.51342141191	0.000405699700755	0.250223637793
PQK62_Mitte	0.513482854862	0.000353175151541	0.000224219547506
Ori_Instrument_0	0.000536089429408	-0.00264155925259	-1.27728502378
Ori_Instrument_1	-0.00224069578632	-0.000838189326091	0.19499576767