Results from Epoch6 [RHCS]
created:2022-03-22 16:02:07.831814
Using source files:
 -LoS_measurements_2Mar22.txt
 -Polar_measurements_2Mar22.txt
 -Point_List_2Mar22.txt

K3	7.83209682001	-2.24192293808	-1.11088308573
PQK62_5	0.703849734884	-0.318618160137	0.259999150587
Girder_8	1.60772921035	-0.318748295164	-0.448576724186
PQK62_3	0.703503084578	0.190233705465	0.381389557322
PQL6_5	2.26721248845	-0.318548076359	0.260217317934
PQK62_10	0.323053804685	-0.189751569528	0.381191824977
PQL6_8	1.60776796523	0.318716232008	0.260394186422
Girder_11	2.26655707786	0.31939422851	-0.448937873003
K8	-1.07626700434	-4.45796886091	-1.12997394567
Girder_13	2.73501194079	0.31927081895	-0.259780613632
PQK36_1	3.58000668207	0.319377757188	-0.259628517933
K14	1.09339036547	4.38670314458	0.606147098935
J	3.07191541589	0.294222468091	-0.463858189757
K18	-1.08189389287	-4.44886294681	0.680923178158
K16	5.58949025961	4.38057962413	0.633818899843
Girder_5	1.15920558832	0.319251760446	-0.259824394341
PQK62_4	0.703055968141	-0.189145385123	0.381790592168
Girder_3	0.702894120049	0.319422662327	-0.447193750296
E	3.06795466315	-0.296724199115	-0.463330280735
K19	-3.29121121748	-2.25776125827	-1.12872530425
PQK36_11	3.19987555807	-0.319143724739	0.259704450682
G	4.14333309367	-0.259531019592	-0.461028983113
PQK36_5	3.5799460869	-0.318870643802	0.260054057558
D	2.39322114543	-0.275302994862	-0.46471916421
PQK62_11	0.323433459993	-0.318746824761	0.260369101615
PQL6_1	2.26668779178	0.319149557504	-0.260181039445
K6	1.16793867498	-4.44585652767	0.594427148573
K11	-3.33062083343	2.24395625522	0.527630302131
PQK62_9	0.322754911823	0.190435191127	0.381343561457
H	4.15302729695	0.285172691482	-0.462757348995
C	1.46053096499	-0.277171239096	-0.465121100843
Instrument_1	1.98690119675	1.49606719065	0.0758722704066
PQK36_9	3.20065019274	0.190220886368	0.381463857832
PQK36_3	3.58070372997	0.190869061956	0.381579731792
PQL6_9	1.60771365867	0.190078503089	0.381355916187
Girder_10	1.93183395793	-0.31890062324	-0.445871389087
K10	-3.31270048239	-0.00693833555176	-1.10900473137
Girder_1	0.323237768174	0.318916350871	-0.447257945631
K4	5.66182076275	-4.4509697454	0.641731315879
K7	1.11755100747	-4.44573248834	-1.34978267403
Girder_6	1.16122765502	-0.318814399424	-0.259532093698
Girder_15	3.20040429785	0.319266267673	-0.446787173326
K12	-3.33947959108	2.21084896499	-1.33915450469
Girder_17	3.58008664105	0.319327296062	-0.448136642438
Girder_14	2.73279106179	-0.318687696202	-0.259295018241
Instrument_0	1.91208687043	-1.48427892789	0.0652176646379
K22	2.62243490562	0.0379507704022	-1.3373863721
PQK62_12	0.323258685054	-0.318950322305	-0.259964993306
K5	3.41837344768	-4.44900808966	-1.16567569902
PQL6_6	2.26743688998	-0.318920390059	-0.259389368586
PQL6_7	1.60720023082	0.319294892585	-0.259529704819
PQK36_7	3.20019657307	0.319285922397	-0.259683396903
K1	7.78528112155	2.25247831062	-1.13478216948
PQK62_8	0.323848303054	0.319669287007	0.260663874462
K17	3.41449560927	-4.44698639245	0.581456220808
PQL6_2	2.26743823361	0.318911087862	0.260471111556
Girder_2	0.323248385864	-0.3189944714	-0.394501652879
PQL6_4	2.26752727888	-0.189889331528	0.381343911943
K2	7.80651781237	-0.0102452889973	0.571189219793
K13	-1.15592885965	4.38428345537	-1.13581689584
PQL6_11	1.60771378757	-0.318315222614	0.259646206947
I	3.71392056792	0.285271775827	-0.464602842966
PQK36_8	3.20023532387	0.31913170418	0.260073736478
K9	-3.28200292274	-2.25693699858	0.610646763421
Girder_12	2.26753916035	-0.318994241495	-0.449019322662
PQK62_7	0.323353842354	0.319116635805	-0.259593515407
L	1.50648410962	0.295014234126	-0.464935370998
PQK36_6	3.58049068936	-0.318567949272	-0.259105178163
Girder_18	3.58073335966	-0.318546313677	-0.446787207008
K20	0.103323720253	0.0265135239183	-1.34092145423
PQL6_10	1.60770254006	-0.190074496603	0.38151323757
PQL6_12	1.60773732285	-0.318710803638	-0.25943521549
PQK62_1	0.70325370585	0.319548847115	-0.260174242952
Girder_7	1.60703044826	0.31955916906	-0.448672323928
F	3.73300336064	-0.268922696942	-0.462795996836
PQK36_2	3.58023258398	0.319147634379	0.260124071461
K21	1.47261064107	0.0307566760505	-1.33946396029
Girder_16	3.20058800741	-0.318641256214	-0.44582579872
PQK36_4	3.58025180935	-0.189638977708	0.38151917989
K23	4.055491536	0.00125488093109	-1.34311756505
Girder_4	0.702605770871	-0.318427622704	-0.449410628379
K	2.38871854069	0.29240007362	-0.465008847444
B	0.874857820115	-0.275013851841	-0.464863483797
PQK36_10	3.20062032467	-0.190336568581	0.381081343985
PQK36_12	3.20040384258	-0.318751834147	-0.259651033435
Girder_9	1.93228969011	0.319280195894	-0.446641811315
PQK62_2	0.704022135556	0.319674961447	0.260597194313
PQK62_6	0.702959112421	-0.318548813199	-0.259385471165
M	0.870151972356	0.276977647466	-0.463747696392
PQL6_3	2.26737620886	0.190068371741	0.381180404075
PQK36_Aus	3.14031314273	9.25406458952e-05	0.000133617606299
PQK36_Ein	3.6403220407	0.000239140359256	0.000612713198515
PQK36_Oben	3.39007805447	0.000142893325909	0.250377460106
PQK36_Mitte	3.3903176022	0.000165900756345	0.000373089904355
PQL6_Aus	1.68687770969	0.000351008072888	0.000785617939868
PQL6_Ein	2.18689047889	0.000368096869793	0.000636591519742
PQL6_Oben	1.93695861706	0.000341035831225	0.250717543231
PQL6_Mitte	1.93688408918	0.000359427952874	0.000711091864448
PQK62_Aus	0.263483267449	0.000232560269293	0.000165301307723
PQK62_Ein	0.763479658077	0.000477247889779	0.000286350681008
PQK62_Oben	0.513420891468	0.000409173575154	0.2502240646
PQK62_Mitte	0.513481475142	0.00035488411146	0.000225827168496
Ori_Instrument_0	-0.0024019766441	-0.00121089598476	0.0632274830659
Ori_Instrument_1	-0.00193792861356	-0.00151181872329	-0.119482084432